1000 1164.600000
2000 4590.600000
3000 10108.400000
4000 17686.400000
5000 27528.400000
6000 39388.200000
7000 53607.400000
8000 69805.800000
9000 88137.800000
10000 108766.600000
11000 131594.200000
12000 156681.800000
13000 187667.000000
14000 217814.400000
15000 245751.400000
16000 279321.600000
17000 316301.600000
18000 357791.800000
19000 397651.600000
20000 435462.400000
21000 481749.600000
22000 534433.800000
23000 575930.600000
24000 635255.800000
25000 683342.200000
26000 744961.200000
27000 797638.600000
28000 866516.000000
29000 923094.800000
30000 983410.800000
31000 1056558.400000
32000 1127633.000000
33000 1199404.800000
34000 1267731.400000
35000 1347662.200000
36000 1422782.800000
37000 1505426.600000
38000 1583204.600000
39000 1669531.400000
40000 1754924.600000
41000 1854431.000000
42000 1948780.400000
43000 2035799.200000
44000 2133317.000000
45000 2233934.600000
46000 2329187.600000
47000 2438854.400000
48000 2535844.400000
49000 2651921.600000
50000 2749004.200000
51000 2863705.800000
52000 2974315.800000
53000 3054303.800000
54000 3183183.000000
55000 3308421.800000
56000 3415062.400000
57000 3541300.400000
58000 3662458.200000
59000 3798277.600000
60000 3920944.000000
61000 4067629.600000
62000 4196491.600000
63000 4332330.400000
64000 4463378.000000
65000 4617744.800000
66000 4742417.400000
67000 4893119.600000
68000 5043862.400000
69000 5182662.000000
70000 5343147.600000
71000 5493817.000000
72000 5646571.800000
73000 5808925.600000
74000 5970189.800000
75000 6146862.400000
76000 6297907.800000
77000 6477341.400000
78000 6631836.400000
79000 6800037.400000
80000 6964733.400000
81000 7158289.200000
82000 7319359.800000
83000 7508680.200000
84000 7718580.200000
85000 7878651.200000
86000 8074978.800000
87000 8260783.400000
88000 8439005.400000
89000 8637887.200000
90000 8852778.600000
91000 9035299.000000
92000 9257402.000000
93000 9654573.600000
94000 9898629.800000
95000 10121931.000000
96000 10327768.600000
97000 10498236.800000
98000 10455630.600000
99000 10695715.400000
