1000 1928.000000
2000 7465.200000
3000 16659.000000
4000 30736.600000
5000 50513.600000
6000 76223.200000
7000 108137.200000
8000 146003.000000
9000 189709.400000
10000 238977.400000
11000 295135.800000
12000 357954.800000
13000 428180.800000
14000 502467.000000
15000 585874.600000
16000 668477.600000
17000 762204.000000
18000 858118.400000
19000 961753.600000
20000 1074141.800000
21000 1189070.400000
22000 1310793.600000
23000 1442860.200000
24000 1712255.000000
25000 1802025.600000
26000 1868299.000000
27000 2062012.000000
28000 2397049.200000
29000 2460175.800000
30000 2625876.000000
31000 2791700.600000
32000 3061357.800000
33000 3199796.000000
34000 3408022.400000
35000 3602561.000000
36000 4012072.000000
37000 4119087.600000
38000 4758585.600000
39000 5069780.600000
40000 5419888.200000
41000 5098794.000000
42000 5784747.400000
43000 6255377.200000
44000 6171709.400000
45000 6444761.200000
46000 6506775.800000
47000 6742172.600000
48000 6873239.800000
49000 8158882.800000
50000 8987986.200000
51000 8248277.000000
52000 8553171.600000
53000 8714134.400000
54000 9051022.000000
55000 9201110.400000
56000 9702951.200000
57000 10099496.000000
58000 10886430.600000
59000 11010017.800000
60000 11355740.600000
61000 11401473.800000
62000 12094720.000000
63000 12271966.400000
64000 14400094.000000
65000 14592341.600000
66000 14644785.200000
67000 14530321.200000
68000 13471397.800000
69000 14927565.000000
70000 15403278.000000
71000 16795584.000000
72000 17099365.600000
73000 16826838.400000
74000 17888189.400000
75000 18259723.000000
76000 18422570.200000
77000 19314110.400000
78000 18726965.800000
79000 18375576.000000
80000 19987999.000000
81000 19544317.600000
82000 19606054.600000
83000 20933837.200000
84000 21261378.800000
85000 21413797.400000
86000 21941159.600000
87000 22399220.800000
88000 23002128.200000
89000 23915787.800000
90000 24503278.400000
91000 24418765.600000
92000 24469325.400000
93000 25328869.800000
94000 26098433.000000
95000 26828521.400000
96000 27335238.400000
97000 27944954.600000
98000 28506126.400000
99000 29116779.800000
