1000 142.800000
2000 321.800000
3000 502.400000
4000 698.800000
5000 888.400000
6000 1104.600000
7000 1286.400000
8000 1490.200000
9000 1747.000000
10000 1917.200000
11000 2137.000000
12000 2373.800000
13000 2583.000000
14000 2790.600000
15000 3047.400000
16000 3261.400000
17000 3452.800000
18000 3722.400000
19000 3910.000000
20000 4119.000000
21000 4382.000000
22000 4594.200000
23000 4806.200000
24000 5098.200000
25000 5268.000000
26000 5507.200000
27000 5772.600000
28000 5943.000000
29000 6291.800000
30000 6405.000000
31000 6706.800000
32000 6941.000000
33000 7144.600000
34000 7349.400000
35000 7677.000000
36000 7855.600000
37000 8138.800000
38000 8397.000000
39000 8593.400000
40000 8803.400000
41000 9042.200000
42000 9325.600000
43000 9526.000000
44000 9755.200000
45000 10040.400000
46000 10275.400000
47000 10478.400000
48000 10734.800000
49000 10976.600000
50000 11238.400000
51000 11445.800000
52000 11689.600000
53000 11946.600000
54000 12334.800000
55000 12493.800000
56000 12687.600000
57000 12988.000000
58000 13171.600000
59000 13387.400000
60000 13656.400000
61000 13910.400000
62000 14240.400000
63000 14489.800000
64000 14720.800000
65000 14981.600000
66000 15250.200000
67000 15500.800000
68000 15750.600000
69000 15978.000000
70000 16206.400000
71000 16407.200000
72000 16686.400000
73000 16962.200000
74000 17253.400000
75000 17984.200000
76000 18300.800000
77000 18508.200000
78000 18721.600000
79000 19023.000000
80000 19343.400000
81000 19614.800000
82000 19911.200000
83000 20074.800000
84000 20387.200000
85000 20740.800000
86000 20967.000000
87000 21199.400000
88000 21594.600000
89000 21777.600000
90000 21756.600000
91000 21825.400000
92000 22034.000000
93000 22299.000000
94000 22507.400000
95000 22802.000000
96000 22954.200000
97000 23289.400000
98000 23533.400000
99000 23817.400000
