1000 654.400000
2000 2702.200000
3000 5924.200000
4000 10173.400000
5000 15866.000000
6000 22638.800000
7000 30864.400000
8000 40417.600000
9000 50992.000000
10000 62912.800000
11000 76049.000000
12000 90302.000000
13000 106151.400000
14000 122933.400000
15000 140997.600000
16000 164751.200000
17000 186601.200000
18000 203761.600000
19000 227230.600000
20000 251667.000000
21000 277094.000000
22000 309011.000000
23000 342108.400000
24000 360232.000000
25000 391091.200000
26000 437674.600000
27000 458554.200000
28000 494968.200000
29000 536601.200000
30000 570379.400000
31000 611135.400000
32000 648542.800000
33000 691105.400000
34000 733291.400000
35000 793089.200000
36000 815018.800000
37000 866337.800000
38000 913806.600000
39000 983224.200000
40000 1012493.800000
41000 1071702.200000
42000 1111903.800000
43000 1169816.000000
44000 1226649.200000
45000 1284386.400000
46000 1339467.600000
47000 1401278.800000
48000 1457163.400000
49000 1515407.800000
50000 1576478.600000
51000 1640192.800000
52000 1706655.200000
53000 1772768.600000
54000 1840123.200000
55000 1940420.400000
56000 1977870.600000
57000 2050559.800000
58000 2119615.600000
59000 2190840.800000
60000 2259738.400000
61000 2351880.200000
62000 2418762.800000
63000 2497279.200000
64000 2580420.600000
65000 2668555.200000
66000 2741729.400000
67000 2839409.400000
68000 2914137.000000
69000 3000687.400000
70000 3086970.200000
71000 3178700.600000
72000 3271712.000000
73000 3370717.000000
74000 3457449.400000
75000 3550622.600000
76000 3641368.400000
77000 3741775.200000
78000 3840612.600000
79000 3937082.200000
80000 4029166.800000
81000 4149746.200000
82000 4239613.400000
83000 4339829.800000
84000 4449860.000000
85000 4561893.600000
86000 4669309.200000
87000 4784885.400000
88000 4882165.600000
89000 4990999.200000
90000 5094050.200000
91000 5229834.600000
92000 5339364.400000
93000 5454825.000000
94000 5572731.600000
95000 5690619.600000
96000 5820260.200000
97000 5931248.800000
98000 6043584.600000
99000 6190420.000000
