1000 117.800000
2000 252.400000
3000 401.200000
4000 543.600000
5000 692.400000
6000 866.200000
7000 1049.200000
8000 1203.800000
9000 1363.400000
10000 1587.600000
11000 1698.800000
12000 1841.800000
13000 1985.000000
14000 2184.600000
15000 2364.200000
16000 2532.400000
17000 2678.400000
18000 2921.400000
19000 3027.800000
20000 3188.000000
21000 3401.400000
22000 3532.000000
23000 3722.800000
24000 3877.400000
25000 4021.600000
26000 4228.400000
27000 4415.800000
28000 4615.200000
29000 4700.600000
30000 4934.200000
31000 5058.400000
32000 5246.600000
33000 5406.200000
34000 5669.400000
35000 5844.000000
36000 6037.800000
37000 6127.000000
38000 6354.800000
39000 6558.400000
40000 6686.000000
41000 6773.800000
42000 7070.600000
43000 7205.000000
44000 7413.800000
45000 7519.400000
46000 7722.200000
47000 7917.800000
48000 8041.800000
49000 8198.000000
50000 8481.000000
51000 8644.800000
52000 8842.600000
53000 9013.400000
54000 9212.600000
55000 9371.400000
56000 9603.000000
57000 9662.200000
58000 9879.200000
59000 10071.800000
60000 10270.200000
61000 10450.200000
62000 10573.400000
63000 10762.200000
64000 10956.000000
65000 11054.800000
66000 11302.000000
67000 11586.000000
68000 11732.600000
69000 12017.600000
70000 12160.200000
71000 12383.800000
72000 12535.800000
73000 12644.000000
74000 12801.400000
75000 13025.000000
76000 13256.800000
77000 13399.600000
78000 13558.200000
79000 13737.000000
80000 13912.000000
81000 14080.600000
82000 14170.600000
83000 14394.200000
84000 14691.200000
85000 14892.800000
86000 15019.000000
87000 15234.800000
88000 15486.200000
89000 15592.200000
90000 15739.000000
91000 16044.400000
92000 16418.800000
93000 16540.600000
94000 16764.800000
95000 16983.800000
96000 17192.400000
97000 17319.800000
98000 17519.200000
99000 17792.200000
