1000 82.400000
2000 182.600000
3000 289.400000
4000 399.000000
5000 531.400000
6000 645.600000
7000 747.800000
8000 865.800000
9000 1024.400000
10000 1112.800000
11000 1233.000000
12000 1388.600000
13000 1485.400000
14000 1631.200000
15000 1699.000000
16000 1856.200000
17000 1984.000000
18000 2097.800000
19000 2241.200000
20000 2325.400000
21000 2488.000000
22000 2621.400000
23000 2734.400000
24000 2877.200000
25000 3073.800000
26000 3163.800000
27000 3272.800000
28000 3455.200000
29000 3559.400000
30000 3688.400000
31000 3894.200000
32000 3906.800000
33000 4071.800000
34000 4206.600000
35000 4336.000000
36000 4469.000000
37000 4635.800000
38000 4739.000000
39000 4900.800000
40000 4950.200000
41000 5249.200000
42000 5273.800000
43000 5429.400000
44000 5532.400000
45000 5755.600000
46000 5895.800000
47000 5988.200000
48000 6088.800000
49000 6267.600000
50000 6365.200000
51000 6434.600000
52000 6588.200000
53000 6745.600000
54000 6889.000000
55000 7011.200000
56000 7178.000000
57000 7279.800000
58000 7416.400000
59000 7524.600000
60000 7592.400000
61000 7789.200000
62000 7937.600000
63000 8013.800000
64000 8190.600000
65000 8287.600000
66000 8421.000000
67000 8505.600000
68000 8717.000000
69000 9000.200000
70000 9050.000000
71000 9118.200000
72000 9491.000000
73000 9451.200000
74000 9547.200000
75000 9793.200000
76000 9840.200000
77000 9947.600000
78000 10091.600000
79000 10118.200000
80000 10351.000000
81000 10496.200000
82000 10689.400000
83000 10833.200000
84000 11117.000000
85000 11143.600000
86000 11271.800000
87000 11336.600000
88000 11524.200000
89000 11728.400000
90000 11913.000000
91000 11924.000000
92000 12205.000000
93000 12230.400000
94000 12383.600000
95000 12577.000000
96000 12706.400000
97000 12827.000000
98000 12839.200000
99000 12964.800000
